[
  {
    "secretList": [],
    "userName": "foobarbaz",
    "password": [
      -78,
      118,
      72,
      -96,
      30,
      -61,
      -90,
      -55,
      19,
      -62,
      -90,
      -8,
      -102,
      33,
      -112,
      -27,
      12,
      117,
      6,
      37,
      -36,
      -38,
      -97,
      -27,
      -47,
      -112,
      -12,
      -111,
      -22,
      -95,
      51,
      -23,
      -73,
      100,
      94,
      54,
      43,
      69,
      -3,
      -35,
      -46,
      29,
      -120,
      -95,
      -75,
      4,
      26,
      -128,
      -125,
      -82,
      -92,
      91,
      -12,
      -4,
      17,
      -126,
      89,
      49,
      36,
      -63,
      -24,
      84,
      -73,
      11,
      110,
      117,
      -36,
      13,
      -103,
      -75,
      -116,
      -115,
      -126,
      -78,
      87,
      -23,
      5,
      6,
      -36,
      51,
      -87,
      15,
      -30,
      -39,
      42,
      52,
      -56,
      -102,
      58,
      -116,
      -77,
      122,
      118,
      -97,
      76,
      -27,
      -120,
      12,
      105,
      109,
      -106,
      -6,
      -124,
      27,
      -27,
      -21,
      47,
      -31,
      90,
      1,
      -15,
      -126,
      -45,
      83,
      -74,
      112,
      -38,
      -128,
      -105,
      64,
      -70,
      78,
      91,
      -46,
      -103,
      6,
      -23,
      -51,
      -79,
      -110,
      26,
      1,
      43,
      40,
      -109,
      89,
      -18,
      -31,
      -123,
      -118,
      67,
      119,
      -25,
      -128,
      -1,
      -5,
      81,
      -22,
      24,
      -57,
      85,
      54,
      -103,
      72,
      60,
      57,
      99,
      105,
      12,
      32,
      -121,
      112,
      52,
      86,
      -9,
      32,
      -64,
      -50,
      73,
      -53,
      97,
      43,
      98,
      -8,
      -95,
      104,
      -41,
      -3,
      -6,
      -7,
      -117,
      6,
      76,
      64,
      -99,
      -49,
      109,
      46,
      14,
      -116,
      -90,
      -27,
      -114,
      -10,
      1,
      104,
      105,
      22,
      -15,
      55,
      -96,
      65,
      -126,
      -2,
      -71,
      110,
      -1,
      -87,
      -65,
      77,
      49,
      82,
      105,
      92,
      -78,
      -71,
      -22,
      32,
      29,
      13,
      105,
      -107,
      39,
      -35,
      -40,
      -77,
      -104,
      -54,
      -64,
      118,
      109,
      21,
      36,
      117,
      65,
      -116,
      -74,
      92,
      101,
      70,
      -75,
      -55,
      -107,
      -107,
      -116,
      3,
      -72,
      7,
      -55,
      -7,
      7,
      61,
      -30,
      -67,
      -112,
      -69
    ],
    "type": "com.hit.dm.UserLogin"
  }
]